              precision    recall  f1-score   support

    airplane     0.5114    0.6710    0.5804      1000
  automobile     0.9784    0.1360    0.2388      1000
        bird     0.6003    0.4100    0.4872      1000
         cat     0.3762    0.5500    0.4468      1000
        deer     0.2464    0.9000    0.3868      1000
         dog     0.6842    0.2990    0.4161      1000
        frog     0.6683    0.2680    0.3826      1000
       horse     0.9535    0.2460    0.3911      1000
        ship     0.5434    0.8390    0.6596      1000
       truck     0.9369    0.1040    0.1872      1000

    accuracy                         0.4423     10000
   macro avg     0.6499    0.4423    0.4177     10000
weighted avg     0.6499    0.4423    0.4177     10000
