              precision    recall  f1-score   support

    airplane     0.5306    0.6500    0.5843      1000
  automobile     0.9840    0.1230    0.2187      1000
        bird     0.5792    0.4500    0.5065      1000
         cat     0.3790    0.5590    0.4517      1000
        deer     0.2233    0.9080    0.3585      1000
         dog     0.6703    0.3110    0.4249      1000
        frog     0.5050    0.3570    0.4183      1000
       horse     0.9429    0.1980    0.3273      1000
        ship     0.7477    0.6430    0.6914      1000
       truck     0.9780    0.0890    0.1632      1000

    accuracy                         0.4288     10000
   macro avg     0.6540    0.4288    0.4145     10000
weighted avg     0.6540    0.4288    0.4145     10000
