              precision    recall  f1-score   support

    airplane     0.5552    0.6943    0.6170       507
  automobile     1.0000    0.0827    0.1527       508
        bird     0.7491    0.4184    0.5369       478
         cat     0.4856    0.6126    0.5418       524
        deer     0.2882    0.8046    0.4243       481
         dog     0.8899    0.2025    0.3299       479
        frog     0.4325    0.7226    0.5411       501
       horse     0.9843    0.2535    0.4032       493
        ship     0.4493    0.8600    0.5903       500
       truck     0.9130    0.0397    0.0761       529

    accuracy                         0.4674      5000
   macro avg     0.6747    0.4691    0.4213      5000
weighted avg     0.6753    0.4674    0.4197      5000
