              precision    recall  f1-score   support

    airplane     0.4133    0.7480    0.5324      1000
  automobile     0.9837    0.2410    0.3871      1000
        bird     0.4653    0.6160    0.5301      1000
         cat     0.4315    0.4660    0.4481      1000
        deer     0.2850    0.8230    0.4234      1000
         dog     0.6179    0.4140    0.4958      1000
        frog     0.6579    0.3770    0.4793      1000
       horse     0.9635    0.3170    0.4771      1000
        ship     0.6870    0.6540    0.6701      1000
       truck     0.9612    0.1240    0.2197      1000

    accuracy                         0.4780     10000
   macro avg     0.6466    0.4780    0.4663     10000
weighted avg     0.6466    0.4780    0.4663     10000
